horizontal,vertical
166,234
167,234
166,234
166,234
166,234
165,234
165,234
165,234
164,234
164,235
163,234
163,234
165,234
165,234
165,234
165,235
164,234
164,234
164,234
164,234
164,234
163,234
163,234
164,234
164,234
164,234
164,234
163,234
163,234
162,235
163,234
162,235
163,234
163,234
162,234
162,234
163,234
162,234
163,234
163,234
163,234
162,234
162,234
161,234
162,234
161,234
162,234
162,234
162,234
161,235
161,234
160,234
160,235
161,235
160,234
159,234
160,234
159,234
159,234
159,234
160,234
160,234
160,234
160,234
159,234
158,234
159,234
159,234
158,234
159,234
159,234
158,234
159,234
159,234
157,234
158,234
158,234
158,234
157,234
157,234
157,234
157,234
156,234
158,234
157,234
157,235
157,234
157,234
156,234
156,234
156,234
155,234
156,234
156,234
156,234
156,234
155,234
156,234
155,234
155,234
156,234
156,234
155,235
153,234
155,235
156,234
156,234
155,234
154,234
154,234
154,234
154,234
155,234
154,234
154,234
155,234
155,234
154,234
153,234
154,234
155,234
153,234
153,234
154,234
154,234
153,234
152,234
153,234
153,233
152,234
151,234
152,234
153,234
152,234
153,234
152,234
152,234
151,234
151,234
153,234
152,234
151,234
152,234
152,234
152,234
150,234
150,234
150,234
150,234
150,234
151,234
150,234
149,234
150,234
151,234
151,234
150,234
149,234
149,234
148,234
150,234
150,235
150,234
150,234
149,234
150,234
151,234
150,234
149,234
149,234
149,234
150,234
149,234
150,234
150,234
149,234
149,234
148,234
148,234
149,234
149,234
149,234
148,234
149,234
149,234
148,234
149,234
149,234
149,234
148,234
148,234
148,234
147,234
148,234
147,234
148,233
147,234
147,234
148,234
147,234
145,234
146,234
146,234
145,234
146,234
147,234
146,234
146,234
145,234
146,234
146,234
147,234
146,234
146,234
146,234
147,235
147,234
146,234
146,234
146,234
145,234
145,234
145,234
146,234
146,234
146,234
145,234
145,234
144,234
144,234
144,235
144,234
143,234
144,234
145,234
144,234
143,234
143,234
143,233
143,234
143,234
143,235
144,234
144,234
143,234
143,234
143,234
143,234
143,234
143,234
143,234
143,234
142,234
143,234
142,234
143,234
143,234
142,235
142,234
142,234
143,234
142,234
142,234
141,234
141,234
141,234
140,234
140,234
141,234
141,234
140,234
140,234
140,234
140,235
141,234
141,235
141,235
140,234
140,234
140,234
140,234
140,234
139,234
139,234
139,233
139,235
139,234
139,234
139,234
138,234
138,234
138,234
138,234
138,234
138,234
139,234
138,234
139,234
139,234
138,234
138,234
138,234
138,234
138,234
139,234
138,235
138,234
138,234
138,234
138,233
138,234
138,234
138,234
138,234
137,234
138,235
137,234
137,234
137,234
137,234
137,234
137,235
137,234
137,234
136,234
137,234
137,234
137,234
136,233
136,234
136,234
135,234
136,234
136,234
135,234
136,234
136,234
136,234
135,234
135,234
135,234
135,234
134,234
135,235
135,234
134,234
135,234
135,235
134,233
135,234
135,234
134,233
135,234
135,234
134,234
135,234
135,234
135,234
135,234
134,234
134,234
134,234
134,234
135,234
134,234
134,234
134,234
134,234
134,235
134,233
133,234
133,234
133,234
133,234
133,234
133,234
133,234
133,234
133,234
132,234
133,234
131,234
131,234
132,235
132,234
131,234
130,234
129,234
129,234
128,234
128,234
129,234
129,234
129,234
128,234
128,234
129,234
128,234
128,234
129,233
128,233
129,234
129,234
128,234
127,234
128,234
128,234
128,234
128,234
128,234
128,234
128,234
128,234
128,234
128,234
128,234
128,234
127,234
127,234
127,234
127,234
128,234
126,234
126,234
127,234
127,234
127,234
127,234
128,234
127,234
127,234
127,234
127,234
127,235
126,234
126,234
126,234
125,234
126,234
126,234
126,234
126,234
126,234
126,234
125,234
126,234
125,234
125,234
126,234
125,234
126,235
126,234
125,234
125,234
125,234
125,234
125,234
124,234
124,234
124,234
124,234
124,234
125,234
125,234
125,234
124,235
124,234
124,233
124,234
124,234
124,234
124,234
124,234
124,234
125,234
125,234
124,234
124,234
125,234
124,234
124,234
124,234
124,234
124,234
124,234
124,234
124,234
124,234
124,234
124,234
123,234
123,234
124,234
123,234
123,234
123,234
123,234
123,234
123,234
124,234
123,234
123,234
123,234
123,235
123,234
122,234
123,234
123,234
122,234
122,234
122,235
122,234
122,234
121,234
121,234
121,234
121,234
122,234
122,234
122,234
122,234
121,234
122,234
122,234
121,234
120,234
121,235
122,234
121,234
120,235
121,234
121,234
120,234
120,234
120,234
120,234
120,234
120,234
120,234
120,234
121,234
120,234
120,234
121,234
121,234
121,233
121,234
120,234
120,234
120,234
120,235
120,234
120,234
120,234
119,234
121,234
120,234
120,234
121,235
121,234
121,234
120,234
120,234
120,234
120,234
120,234
120,234
120,234
120,234
119,234
119,234
119,234
119,234
120,234
120,234
119,234
119,234
119,234
119,234
119,234
119,234
118,234
118,234
117,234
117,234
117,234
117,234
116,234
117,234
116,234
116,233
116,234
115,234
116,234
116,234
116,234
116,234
115,234
115,234
116,234
116,234
116,234
115,234
115,234
115,234
115,234
116,234
114,234
115,235
115,234
115,234
115,234
114,234
114,235
115,234
115,234
115,234
115,234
115,234
114,234
115,234
115,234
115,234
114,233
114,234
115,234
114,234
114,234
114,234
114,235
114,234
115,234
114,234
115,234
115,234
114,234
113,234
113,234
113,234
113,235
113,234
114,234
114,234
114,234
113,234
113,234
114,234
113,235
113,234
112,234
113,234
113,234
112,234
111,234
111,234
111,234
111,234
111,234
110,234
110,234
111,234
111,233
111,234
111,234
111,234
111,235
111,234
111,234
110,234
111,234
110,234
110,234
110,233
109,233
109,233
110,234
110,234
110,235
110,234
110,234
109,234
110,234
110,234
109,234
110,234
109,234
108,234
109,234
109,234
110,234
109,234
109,234
109,234
108,234
109,234
110,234
109,234
108,234
109,234
109,234
109,235
109,234
109,234
109,234
110,234
109,234
109,234
109,234
109,234
109,234
109,234
109,234
110,234
109,234
110,234
109,234
110,234
110,234
109,234
108,234
108,234
108,234
108,234
108,234
109,234
108,234
109,234
108,234
108,234
109,234
108,234
108,234
108,234
108,234
109,234
108,234
109,234
109,234
108,234
108,234
108,234
108,234
109,234
108,234
107,233
108,234
108,234
108,235
109,234
108,234
108,234
108,234
107,234
108,234
109,234
109,233
109,234
109,234
109,234
109,234
108,234
108,234
108,234
108,234
107,234
108,234
108,234
107,234
108,234
107,234
108,234
109,234
108,234
108,234
109,234
108,234
108,234
108,234
108,234
109,234
109,234
109,234
110,235
109,234
109,234
109,235
109,234
110,234
109,234
109,234
109,235
109,234
109,234
109,234
109,234
109,234
109,234
109,234
109,234
109,234
109,234
109,234
109,235
108,234
109,234
109,234
109,234
108,234
108,234
108,234
109,234
109,235
109,234
109,234
109,234
109,234
109,234
109,234
109,234
109,235
109,233
109,234
109,234
108,234
108,234
109,234
108,234
108,234
109,234
109,234
109,234
107,234
107,234
108,234
108,234
108,234
109,234
109,234
109,234
109,234
108,234
107,234
107,234
108,234
107,234
107,234
107,234
107,235
107,234
109,234
108,234
108,234
108,234
108,234
108,234
108,234
108,234
108,234
108,234
108,234
108,234
108,234
108,234
107,233
107,234
107,235
107,234
108,234
108,234
108,234
108,234
108,234
108,234
107,234
108,234
108,234
109,235
109,234
108,234
109,234
109,234
109,234
109,234
109,234
108,234
108,234
108,234
108,234
108,234
109,233
108,234
108,234
107,234
108,235
108,235
109,234
109,234
108,234
109,234
109,234
109,234
109,234
108,234
108,234
108,234
109,234
108,234
109,234
109,234
108,234
109,234
108,234
108,234
108,233
108,234
108,234
108,234
109,234
109,234
108,234
107,234
107,234
108,234
107,234
107,234
108,234
108,233
108,234
108,234
108,233
107,234
107,234
107,234
107,234
107,234
108,234
107,234
107,234
107,234
106,234
106,234
107,234
107,234
106,234
107,234
106,234
107,234
107,234
107,234
106,234
106,234
106,234
107,234
107,234
106,234
107,234
106,235
107,234
106,234
106,234
107,234
107,234
106,234
106,234
106,234
106,234
107,234
106,234
107,234
107,234
106,234
106,234
106,234
107,233
107,234
107,234
107,234
107,233
107,234
106,234
107,234
106,234
105,234
106,234
106,234
106,234
106,234
105,234
106,235
105,234
105,234
105,234
104,234
104,234
105,234
105,234
104,234
104,234
104,234
104,234
104,234
104,234
105,234
105,234
104,234
104,234
103,234
104,234
103,234
103,234
103,234
103,234
104,234
104,234
104,234
105,234
104,234
104,234
104,234
104,234
104,234
105,234
104,234
105,234
104,234
105,234
104,234
104,234
104,234
104,234
104,234
104,234
104,234
105,234
104,234
104,234
106,234
105,234
104,234
104,234
105,234
104,235
104,233
103,234
104,234
103,234
104,234
104,234
104,234
103,234
103,234
103,234
102,234
102,234
103,235
104,234
104,234
104,234
104,234
104,234
104,234
104,235
103,234
104,234
104,234
103,234
104,234
104,234
104,235
104,234
104,234
103,234
104,234
103,234
102,234
103,234
103,234
103,234
105,234
104,234
104,234
104,234
103,233
103,234
103,234
103,234
103,234
104,234
103,234
104,234
103,234
103,234
103,234
103,234
102,234
102,234
103,234
102,234
102,234
102,234
103,233
103,234
103,234
103,234
103,234
102,235
103,234
103,234
103,233
103,234
103,234
103,234
103,234
103,234
103,234
102,234
103,234
103,234
103,234
103,234
103,234
102,234
102,234
102,234
102,234
103,234
103,234
103,234
103,234
102,233
102,234
103,234
102,234
102,234
102,234
102,235
102,234
103,234
103,234
103,234
103,234
102,234
101,234
101,233
102,234
102,234
102,234
102,234
102,234
102,234
102,234
102,234
102,234
102,234
102,234
102,234
103,234
103,234
102,234
102,234
103,234
104,234
103,234
102,234
101,234
102,234
102,234
103,234
103,234
101,234
101,234
102,234
102,234
102,234
102,234
101,234
101,234
102,234
103,234
103,234
102,233
102,234
102,234
101,234
101,234
101,234
100,234
101,234
101,234
102,235
103,234
102,234
102,234
101,234
102,234
102,234
102,234
102,234
102,234
102,234
102,234
102,234
102,234
103,234
102,235
103,234
102,234
103,234
102,234
102,235
101,234
101,234
101,234
101,234
101,234
102,234
102,234
102,234
102,234
102,234
101,234
102,234
102,234
101,234
100,234
101,234
100,234
100,234
100,234
101,234
101,234
101,234
102,234
102,233
101,234
101,234
101,234
101,233
102,234
102,234
101,234
101,234
101,234
101,234
101,234
100,234
101,234
101,234
101,234
101,234
101,234
101,234
101,234
101,234
101,234
101,234
101,234
100,234
100,234
100,234
101,234
101,234
101,234
101,234
101,234
101,233
101,234
101,234
101,234
100,234
100,234
101,234
101,234
102,234
101,234
100,234
101,234
100,234
100,234
100,234
100,234
100,234
101,234
101,234
100,234
101,234
101,234
100,234
100,234
100,234
101,234
100,235
101,234
101,234
100,234
101,234
101,234
101,234
100,234
100,234
100,234
100,234
100,234
101,234
101,234
100,234
100,234
100,234
100,234
100,234
101,234
101,234
101,234
101,234
100,234
100,234
100,234
99,235
100,234
100,234
100,234
100,234
101,234
101,234
101,234
100,234
100,234
101,235
100,234
100,234
101,234
100,234
100,234
100,233
100,234
100,234
100,234
100,234
101,234
101,235
100,235
100,234
100,234
99,234
99,234
100,234
100,234
100,234
100,234
99,233
99,234
99,234
99,234
99,234
99,234
99,234
99,234
100,234
100,234
100,235
101,234
100,235
100,234
100,234
99,234
99,234
99,234
99,234
100,234
100,234
99,234
99,234
99,234
99,234
99,234
99,234
99,234
99,234
99,234
99,234
100,234
100,234
100,234
100,235
99,234
99,234
99,234
99,234
99,234
99,234
98,234
99,234
99,234
99,234
98,234
99,234
100,234
99,234
99,234
99,234
99,234
99,234
99,234
99,234
99,234
100,233
100,234
99,234
100,234
99,234
99,234
99,234
99,234
99,234
99,234
99,234
99,234
98,234
99,234
99,234
99,234
98,234
99,234
99,234
100,234
99,234
99,234
99,234
99,234
99,234
99,234
99,235
99,234
99,234
98,234
98,234
99,234
99,234
99,233
99,234
99,234
99,234
99,234
98,234
99,234
99,234
99,234
100,234
99,234
99,234
99,234
99,234
99,234
98,234
98,234
99,234
99,234
99,234
98,234
98,234
98,234
98,234
100,234
100,235
99,234
99,234
99,234
98,234
98,234
99,234
98,234
98,234
99,234
99,234
100,234
98,234
98,235
99,234
98,233
98,234
99,234
99,234
98,234
98,234
98,233
99,235
99,234
100,234
100,234
99,234
99,234
99,234
99,234
99,234
99,234
99,234
99,234
99,234
99,234
99,234
98,234
98,234
99,234
98,234
98,234
98,234
99,234
99,233
98,234
99,233
99,234
99,234
99,234
100,233
99,234
99,234
98,234
98,234
99,235
99,234
99,234
98,234
98,234
98,234
98,234
99,234
98,234
98,234
98,234
98,234
99,234
99,234
99,234
99,235
99,234
99,234
99,234
98,234
98,234
99,234
99,234
99,234
98,234
98,233
98,234
98,234
98,234
99,234
99,234
100,234
99,234
99,234
99,234
99,234
98,234
98,235
99,234
99,234
99,234
99,234
99,234
100,234
100,235
99,234
99,234
99,234
99,235
99,234
98,234
99,234
99,234
99,234
99,234
98,234
98,234
99,234
99,234
98,234
98,234
98,234
98,234
99,234
98,234
99,234
99,234
99,235
99,234
99,234
99,234
98,234
99,234
99,235
98,234
99,234
98,234
98,234
98,234
98,234
99,234
99,234
99,234
99,234
99,235
99,234
99,234
98,234
99,234
98,234
99,234
100,233
98,235
98,234
98,234
98,234
97,234
98,234
99,234
98,234
98,234
98,234
98,234
98,234
98,234
99,234
99,234
99,234
99,234
99,234
99,234
98,234
98,234
97,233
98,234
99,234
99,234
98,235
98,234
98,234
98,235
99,234
98,234
99,234
99,234
98,235
98,233
99,234
99,234
98,234
99,234
98,234
98,234
98,234
98,234
97,234
97,234
97,234
98,234
97,234
97,234
98,234
99,234
98,233
98,234
98,234
98,234
99,234
98,234
98,234
98,234
99,234
98,234
99,234
99,234
100,233
99,234
98,234
98,234
98,234
98,235
98,234
98,234
99,234
98,234
98,234
99,234
99,234
98,234
98,234
99,234
99,234
99,234
99,234
99,234
99,234
99,234
99,234
99,234
98,234
98,234
97,234
98,234
98,233
99,234
98,235
98,234
98,234
98,234
97,234
98,234
99,234
99,234
99,234
99,234
99,234
98,234
99,234
99,235
99,234
99,234
99,234
99,234
100,234
99,234
99,234
100,234
99,234
99,234
98,233
98,234
99,234
99,234
99,234
100,234
99,234
99,234
99,234
99,234
99,235
99,234
99,234
99,234
99,234
100,234
99,234
99,234
98,235
98,233
98,234
98,234
97,234
98,234
98,234
97,234
97,234
98,234
98,234
98,235
98,234
98,234
99,234
99,234
99,234
98,234
98,234
98,234
97,234
98,234
98,234
98,234
98,234
98,234
98,234
97,234
98,234
98,234
98,234
98,234
97,234
98,234
97,234
97,234
98,234
98,234
98,234
98,234
98,234
98,234
98,234
98,234
98,234
98,234
99,234
98,234
99,234
98,234
98,234
99,234
99,234
98,234
98,234
98,234
99,234
98,234
98,234
98,234
98,234
98,234
98,234
98,234
99,234
99,234
98,234
99,234
99,234
99,234
98,234
98,234
98,234
98,234
99,234
98,234
100,234
98,234
98,234
98,234
98,234
99,233
99,234
98,234
98,234
97,234
97,234
98,234
98,234
98,234
98,234
98,234
97,235
97,233
97,234
98,233
98,234
98,234
98,234
98,234
98,234
98,234
98,234
98,234
99,234
99,234
98,234
99,234
98,235
98,235
98,234
98,234
98,234
98,234
99,234
99,234
98,234
99,234
98,234
99,234
99,234
99,234
99,234
98,234
99,234
98,234
98,234
98,234
98,234
98,234
99,234
99,234
99,233
98,234
98,233
99,234
99,234
99,234
98,234
98,234
98,235
99,234
98,234
99,234
99,234
98,234
99,234
98,234
99,234
99,234
99,234
99,233
99,234
99,234
99,234
99,233
99,234
99,234
100,234
100,234
99,234
100,234
99,234
99,234
99,235
100,234
99,234
100,234
100,235
99,234
100,234
100,234
100,234
99,234
100,234
99,234
99,234
99,234
100,234
99,234
99,235
99,234
99,234
99,235
99,234
99,235
99,234
99,234
99,234
98,234
99,234
99,234
99,235
99,234
99,234
99,234
100,234
99,234
100,234
99,234
100,234
99,234
99,234
98,234
99,234
99,234
98,234
100,234
99,234
99,234
99,234
99,234
99,234
100,234
99,234
99,234
99,234
98,234
99,234
99,234
99,234
98,233
99,234
99,234
99,234
100,234
99,234
99,234
98,234
98,234
99,234
100,234
99,233
99,234
98,234
99,235
99,234
100,234
99,234
99,234
100,234
99,234
99,234
100,234
100,234
99,234
100,234
100,234
100,234
100,235
100,234
100,233
100,234
99,234
99,234
99,234
100,234
100,234
99,234
99,234
99,234
100,234
100,234
100,234
100,234
99,234
99,234
99,234
100,234
99,234
99,234
100,234
99,234
99,234
99,234
99,234
99,234
98,234
99,234
99,235
98,234
98,235
98,234
98,235
99,234
99,234
99,234
99,234
99,234
100,234
99,234
99,234
100,234
100,234
99,234
99,234
99,234
98,234
99,234
99,234
99,234
99,234
100,234
100,234
100,234
100,234
100,234
100,234
99,235
99,234
99,234
99,234
99,234
99,234
98,234
98,234
98,234
99,235
100,234
100,234
98,234
97,233
98,234
98,234
99,234
99,234
99,234
99,233
99,234
99,234
100,234
99,234
99,234
99,234
99,234
99,234
99,234
99,234
99,234
99,234
99,234
99,234
99,234
98,234
99,234
100,234
100,234
100,234
100,234
99,234
100,234
99,234
99,234
100,234
99,234
100,234
99,234
99,234
99,234
98,234
98,234
98,234
99,234
100,234
100,234
100,234
100,234
99,234
99,235
98,234
99,234
98,234
98,234
99,234
99,234
99,234
100,234
100,234
100,234
100,234
100,234
100,234
99,234
99,234
99,234
99,234
100,234
99,234
100,234
101,235
100,234
100,234
100,234
100,234
100,234
100,234
100,234
100,234
100,234
100,234
100,234
100,234
100,234
99,234
100,234
99,234
99,235
99,234
100,235
100,234
100,234
100,234
99,234
99,234
99,234
101,234
100,234
100,234
100,234
100,234
100,234
100,234
100,234
100,233
100,233
99,234
99,234
98,234
98,234
98,234
99,234
100,234
100,234
100,235
100,234
100,234
100,234
100,234
100,234
100,234
100,234
100,235
99,234
100,234
100,234
100,234
100,234
100,234
100,234
100,234
100,234
100,234
100,234
100,235
100,234
100,235
101,234
101,234
100,234
100,234
100,234
100,234
100,234
100,234
100,234
100,234
100,234
100,235
99,234
99,234
99,234
99,234
100,234
100,234
100,234
100,235
100,234
100,234
100,234
100,234
100,234
100,234
100,234
100,234
99,234
100,234
100,234
100,235
100,234
100,234
100,234
100,234
100,234
100,234
101,235
101,234
101,234
101,234
100,234
100,234
100,234
101,234
101,234
101,234
101,234
101,234
101,234
100,234
101,234
101,234
100,234
100,234
101,234
101,234
101,234
101,234
100,234
101,234
100,234
100,234
101,234
101,235
100,234
101,234
101,234
100,234
101,234
102,234
101,234
101,234
101,234
100,234
101,235
101,234
101,234
101,234
101,234
101,234
101,234
101,234
101,234
101,234
102,234
102,234
101,234
101,234
101,234
101,234
100,234
100,234
101,234
101,234
101,234
101,234
101,234
101,234
100,234
101,234
101,234
102,234
101,234
101,234
101,234
101,234
101,234
101,234
101,233
101,234
101,234
101,234
101,234
101,234
100,234
101,234
100,235
101,234
101,234
101,234
101,235
101,233
101,234
101,234
102,235
101,234
102,234
102,234
102,234
102,234
101,234
101,234
101,234
101,234
101,235
102,234
102,234
102,234
102,234
101,234
102,234
102,235
101,234
101,234
101,234
102,234
100,234
100,234
101,234
101,234
101,234
101,234
101,234
100,234
101,234
101,235
101,234
101,234
101,234
101,234
101,234
101,234
101,235
101,234
101,234
101,234
101,234
101,234
101,234
101,234
101,234
101,234
100,234
101,234
100,234
101,234
101,234
101,234
102,234
102,234
102,234
102,234
103,234
102,234
102,234
102,234
102,234
102,234
101,234
101,234
101,234
101,234
101,234
102,235
102,234
102,234
102,234
101,234
101,234
102,234
102,234
102,234
102,234
101,234
102,234
101,235
101,234
101,234
101,235
101,234
101,234
100,234
101,234
101,234
101,234
100,234
101,234
101,234
101,234
101,234
100,235
101,234
102,234
101,234
102,234
101,234
101,233
101,234
100,234
101,234
101,233
100,234
101,234
101,234
101,234
101,233
101,234
101,234
101,234
101,234
102,234
101,234
102,234
101,235
101,234
101,234
101,234
101,234
101,234
101,234
102,234
101,234
102,234
102,235
101,234
101,234
102,234
102,234
102,234
101,234
101,234
101,234
101,234
102,234
102,234
101,234
102,234
101,234
101,234
101,234
101,234
101,234
101,234
101,234
102,235
101,234
102,234
101,235
101,234
101,234
102,234
101,234
101,235
102,234
102,234
102,234
101,235
101,234
101,234
101,234
101,234
101,234
102,234
102,234
101,234
100,234
101,234
101,234
101,234
101,234
101,234
101,234
102,234
100,234
100,234
100,234
101,234
101,234
101,234
102,234
102,234
102,234
102,234
101,234
102,234
101,234
102,234
102,234
102,234
101,234
101,234
101,234
102,234
102,234
101,234
102,234
102,234
102,234
101,234
101,235
102,234
102,234
101,234
102,234
102,234
101,234
101,234
102,234
102,234
102,234
101,234
102,234
102,234
102,234
102,234
101,234
101,234
101,234
100,234
100,234
102,234
101,234
102,235
102,234
102,234
102,234
101,235
101,233
102,234
102,234
102,234
102,234
102,235
102,233
102,234
102,234
102,234
102,234
102,234
102,235
102,235
101,234
102,235
101,234
102,234
103,234
102,234
102,234
102,234
102,234
102,234
103,234
102,234
102,234
101,234
101,234
101,234
101,234
102,234
102,233
101,234
101,234
101,234
103,234
103,234
102,234
102,233
102,233
101,232
101,233
102,232
103,232
102,232
102,232
101,232
101,232
102,232
102,233
102,233
102,233
102,233
103,233
103,233
103,232
103,232
102,232
101,232
102,231
102,231
102,231
102,231
102,231
101,231
102,230
101,231
101,231
102,231
102,230
102,230
102,230
101,230
102,230
102,230
101,230
102,230
102,229
103,229
102,228
101,228
101,227
101,228
101,228
102,228
102,229
102,228
102,228
101,227
101,227
101,227
101,227
101,227
101,227
101,226
101,227
100,227
101,228
101,228
101,227
101,227
101,228
101,227
100,226
100,227
100,226
100,227
100,227
100,226
100,225
101,225
100,226
100,226
100,225
100,225
100,225
100,226
101,225
101,226
100,226
100,226
100,225
100,226
101,225
101,225
100,225
100,225
101,226
101,224
100,224
100,224
100,224
100,224
100,224
101,224
100,222
99,223
100,223
100,224
100,223
100,223
100,224
100,223
100,222
100,222
100,222
100,222
100,223
100,223
100,223
99,222
99,222
99,221
100,222
100,222
99,222
99,221
100,221
100,221
100,222
99,221
99,221
99,221
100,220
99,220
99,219
99,219
99,219
100,219
100,219
99,219
98,219
100,220
100,219
99,219
100,219
100,219
99,219
99,218
100,219
99,219
100,218
99,218
99,218
99,217
100,218
100,217
99,217
98,217
97,218
98,217
98,217
99,217
98,217
99,217
99,217
99,217
99,217
98,216
99,216
98,216
98,216
99,217
99,216
99,216
99,215
98,214
98,214
98,214
98,215
98,214
98,214
99,215
99,214
98,214
99,214
99,214
99,214
99,214
98,214
99,214
99,214
99,213
99,213
99,213
99,214
99,213
99,213
99,212
99,212
99,212
98,213
99,212
98,212
98,212
98,212
98,211
98,211
98,211
97,211
98,212
98,211
98,211
98,211
97,211
98,211
97,210
98,210
97,209
97,210
98,210
98,210
98,210
98,210
98,210
98,210
98,210
98,209
98,209
98,209
98,209
97,209
97,208
97,208
97,208
97,208
97,209
97,209
98,209
98,208
98,209
98,208
98,207
98,208
98,208
97,207
97,207
97,207
97,206
97,206
96,207
96,206
97,207
97,206
97,206
97,206
98,205
97,205
97,205
97,206
96,206
97,206
97,206
97,205
97,205
97,205
97,205
97,205
97,205
98,205
98,204
98,204
98,204
97,203
97,204
97,204
97,204
98,204
98,203
97,203
97,203
97,203
97,203
97,202
97,202
97,203
97,203
97,202
97,202
97,201
97,201
97,202
97,202
96,201
97,201
96,200
96,200
96,200
96,200
97,201
96,201
97,201
97,200
97,200
97,200
97,200
97,200
97,199
97,200
96,200
96,200
98,199
97,199
97,198
96,198
97,198
96,198
97,199
96,198
97,199
96,198
96,198
97,197
97,197
97,197
96,196
97,196
96,196
97,196
96,196
96,195
97,195
96,195
96,194
97,194
96,194
96,195
96,195
95,194
96,194
96,194
97,195
97,194
96,195
96,194
96,195
96,195
96,194
96,194
96,193
95,193
96,193
95,193
95,192
94,192
94,192
94,193
95,193
95,192
95,192
95,192
95,192
95,192
95,192
96,191
96,192
96,191
96,191
95,191
95,190
96,190
97,191
97,190
96,190
96,191
95,190
95,190
96,190
97,189
96,190
96,189
96,188
96,189
96,188
96,188
95,188
96,188
96,188
96,188
96,188
96,188
95,188
96,188
96,188
95,188
95,187
96,186
95,186
95,187
95,187
95,187
95,187
95,187
96,186
94,186
95,186
96,186
96,185
95,185
95,184
95,184
94,184
94,184
95,185
95,184
96,184
95,184
95,184
95,184
95,183
95,183
94,183
95,183
95,183
95,183
95,181
95,182
94,181
94,181
95,182
95,182
96,183
95,182
95,182
95,181
94,181
94,181
94,180
94,179
94,179
94,180
94,179
94,180
94,180
93,180
94,179
94,179
94,179
94,179
94,178
94,178
95,177
94,178
94,178
94,178
94,177
94,177
94,177
92,177
94,177
93,177
93,177
93,177
93,177
93,177
94,177
93,176
93,176
93,176
93,176
93,175
93,175
93,175
92,175
92,175
92,175
93,175
93,175
93,175
93,175
93,175
93,175
93,174
92,174
93,173
94,173
93,173
93,174
93,172
92,172
94,172
93,172
93,172
93,172
92,171
92,172
93,172
93,172
93,171
93,171
93,171
92,171
92,171
93,170
93,170
93,170
93,169
93,169
93,169
92,168
93,168
93,169
93,168
92,168
92,169
92,169
93,169
93,169
93,168
93,169
93,168
93,167
92,168
93,167
93,167
93,167
92,167
93,167
93,167
92,167
92,166
92,167
92,166
92,166
92,166
93,166
92,166
92,166
92,166
92,166
92,165
93,165
92,165
92,165
92,164
93,164
93,163
93,163
93,163
92,164
92,163
92,163
93,162
93,163
93,163
92,162
92,162
93,162
93,161
93,162
93,162
93,161
92,161
93,161
92,161
92,161
92,160
93,160
92,160
91,160
92,160
92,159
92,159
93,159
93,159
92,159
92,159
93,159
92,158
92,158
92,158
92,158
92,158
91,158
92,158
93,158
92,158
92,157
91,157
92,156
91,156
92,156
92,156
92,156
92,156
92,155
93,155
92,155
92,155
92,155
92,154
92,154
93,154
93,154
92,154
92,153
91,153
92,153
91,153
92,152
92,152
91,153
91,153
92,152
93,152
92,152
92,152
92,151
92,152
91,152
92,152
91,152
91,152
91,150
92,150
91,150
91,150
90,150
90,150
91,151
91,150
91,150
92,150
93,149
92,149
93,148
93,148
93,149
92,149
91,148
92,148
93,148
93,147
93,147
93,147
92,147
92,147
92,146
92,145
93,145
92,145
92,146
91,146
91,145
91,145
91,145
91,145
92,144
92,144
92,144
92,144
91,144
91,143
92,143
92,144
92,143
91,143
91,143
92,143
92,143
92,143
91,142
92,142
92,142
92,142
90,142
91,142
92,142
92,141
93,141
93,141
92,140
92,140
93,139
92,140
93,140
92,140
92,140
92,139
91,138
91,138
92,138
92,138
92,138
91,138
91,138
91,138
92,137
92,137
92,137
93,136
92,136
92,136
92,136
92,136
93,136
92,136
91,136
92,135
92,135
92,135
92,134
92,134
92,134
92,134
92,134
93,134
92,134
91,133
92,134
92,134
92,133
92,132
91,133
91,133
91,132
92,132
91,132
92,132
91,131
91,131
91,131
91,131
91,131
91,131
91,131
91,131
90,131
91,130
91,131
91,129
91,130
91,130
90,128
90,128
90,129
91,129
90,128
90,128
91,128
90,127
90,127
90,127
91,126
91,126
90,126
89,126
89,126
89,126
89,127
89,126
90,126
89,125
89,125
90,125
89,124
89,124
89,124
89,124
90,123
90,123
89,123
90,123
89,123
89,123
90,123
89,123
90,122
89,121
89,122
89,121
89,121
89,121
90,121
90,121
90,121
89,121
89,120
89,120
89,119
89,120
90,120
91,120
89,119
88,119
88,118
89,120
89,119
89,118
89,118
88,117
89,117
89,117
89,117
90,118
90,117
90,118
90,117
89,117
89,117
88,116
89,116
89,116
89,116
89,116
89,116
88,115
89,115
89,114
90,114
89,114
89,114
89,113
89,114
89,114
89,114
89,114
89,113
89,114
89,113
89,113
89,112
89,113
90,113
89,111
89,111
89,111
88,111
89,111
89,111
89,112
89,111
90,111
89,111
90,111
90,111
90,110
90,110
90,110
90,110
89,110
88,109
89,108
90,108
90,107
89,108
89,108
89,108
89,108
89,108
90,107
90,107
90,107
90,107
90,106
89,107
90,106
90,106
90,106
90,105
90,106
89,106
90,105
89,104
90,104
89,104
89,104
89,104
89,104
88,103
88,103
89,103
88,103
88,103
89,103
89,104
89,103
89,103
90,102
89,101
89,101
89,102
88,102
88,101
89,101
89,101
90,101
89,101
89,100
89,100
89,99
89,99
88,99
89,100
89,100
89,99
89,99
89,99
89,99
89,98
89,97
89,98
89,98
88,97
89,97
88,97
89,96
89,96
90,96
89,96
89,96
88,96
89,96
89,95
89,95
89,95
88,95
89,95
89,94
89,95
89,94
89,94
88,94
88,93
89,94
89,93
88,93
88,94
87,94
89,92
89,92
89,92
90,92
89,92
89,92
90,91
90,91
89,92
90,91
90,90
89,91
89,90
89,90
89,90
88,89
88,89
89,88
88,89
89,89
89,89
89,89
89,89
89,89
89,88
89,88
88,88
88,87
89,86
88,86
89,87
89,86
89,86
88,86
89,85
88,85
88,86
89,86
90,86
90,86
90,86
89,85
89,85
89,85
89,84
89,84
88,84
89,83
89,83
89,83
89,83
90,82
89,82
88,82
89,82
88,82
89,82
89,82
88,82
88,81
88,81
88,81
89,80
88,80
88,80
89,80
87,79
88,80
87,79
88,79
88,79
88,78
88,79
88,78
88,79
89,78
89,78
88,78
88,77
88,76
88,76
88,76
89,76
88,76
88,76
88,75
87,75
89,76
88,75
88,75
89,75
88,75
88,75
88,74
88,74
88,73
88,73
88,72
88,72
88,72
88,72
88,72
87,72
87,72
88,72
87,72
88,72
88,72
88,71
88,72
88,71
89,71
89,71
89,70
90,70
89,70
88,69
88,69
89,68
89,69
89,69
89,69
90,69
89,69
89,69
89,67
88,66
88,67
89,67
90,67
89,67
88,67
89,66
88,66
89,66
90,65
89,66
89,66
89,65
89,65
89,65
89,65
88,65
88,65
88,64
89,64
90,64
90,63
89,63
88,63
89,63
89,63
89,63
89,63
89,63
89,62
89,62
89,62
89,62
89,62
89,62
88,62
88,61
90,61
88,60
89,59
88,59
88,59
88,59
88,60
89,60
89,59
88,60
88,59
89,59
89,59
89,58
89,58
89,57
88,58
88,57
89,56
89,56
89,56
88,57
88,56
88,57
88,57
88,56
88,56
89,56
89,56
88,56
88,54
89,55
88,54
88,54
89,54
89,53
90,54
89,53
89,54
89,54
88,54
89,53
89,52
89,53
88,52
87,52
89,52
89,52
88,52
89,52
89,51
89,51
90,51
90,51
89,50
89,50
89,50
88,50
89,50
88,50
88,50
89,50
89,51
88,50
88,49
88,49
89,48
89,47
89,47
90,48
89,48
88,48
88,48
88,48
89,46
89,46
89,46
88,46
88,46
88,46
89,46
89,46
87,46
88,46
88,45
88,45
88,44
88,45
89,45
89,44
89,44
89,44
89,44
88,43
88,43
88,43
89,43
88,43
88,42
88,43
88,42
89,42
88,42
88,41
88,41
88,41
89,41
89,41
88,40
88,41
88,40
87,40
88,40
88,40
88,40
89,40
88,39
88,39
90,40
89,40
89,39
89,38
89,37
89,37
88,38
88,38
88,38
88,38
87,38
87,38
87,37
87,37
86,38
87,38
87,37
87,37
87,37
87,37
87,36
87,36
87,35
86,35
87,36
87,36
87,36
87,36
86,35
86,35
86,35
86,36
86,34
87,35
87,34
87,34
87,34
87,34
86,33
87,33
86,33
87,33
87,32
87,33
88,32
88,32
88,31
88,31
87,32
87,31
88,31
89,31
88,31
88,31
88,31
88,31
88,30
88,30
88,29
89,29
88,30
87,30
88,30
88,29
88,29
88,29
88,28
88,29
88,27
88,28
88,28
88,28
88,27
88,28
88,28
88,27
88,27
89,27
88,27
88,26
88,26
89,25
88,25
87,25
88,25
88,25
88,25
88,24
88,25
88,24
87,25
88,24
88,24
89,24
89,23
88,23
89,24
89,23
89,23
89,23
89,22
88,22
88,22
88,22
88,22
88,22
89,21
89,21
89,20
89,20
89,20
88,20
89,20
89,19
89,19
88,19
89,19
88,19
88,19
88,19
88,19
89,18
88,18
88,18
88,18
89,17
89,16
88,17
89,16
88,15
88,15
88,14
88,14
88,14
88,14
88,13
88,13
88,14
88,13
88,13
89,13
89,13
88,12
88,12
88,11
87,11
87,11
88,11
88,11
88,11
89,11
88,11
89,11
88,11
88,11
88,10
89,10
88,10
89,9
89,9
89,9
89,9
88,9
89,9
90,9
90,8
89,7
89,8
89,7
89,7
88,7
89,8
89,7
89,6
89,7
89,7
89,7
90,7
91,7
89,6
89,6
89,6
89,6
89,6
89,5
90,5
89,4
89,5
90,4
89,4
89,4
89,3
91,3
90,4
90,4
90,3
90,4
90,4
89,4
89,3
89,3
89,3
90,3
90,3
91,3
90,2
90,1
90,2
90,2
90,1
90,2
90,1
90,1
90,1
90,0
89,0
90,0
90,0
90,0
90,0
90,0
90,0
90,0
90,0
90,0
90,0
90,0
90,0
90,0
89,0
90,0
90,0
90,0
90,0
91,0
90,0
90,0
90,0
90,0
90,0
91,0
91,0
90,0
90,0
90,0
90,0
90,0
90,0
90,0
90,0
91,0
91,0
91,0
91,0
90,0
90,0
90,0
91,0
91,0
91,0
90,0
90,0
91,0
91,0
91,0
91,0
91,0
92,0
91,0
92,0
92,0
92,0
92,0
92,0
92,0
92,0
92,0
92,0
93,0
93,0
93,0
92,0
92,0
93,0
93,0
93,0
94,0
94,0
93,0
94,0
93,0
93,0
94,0
94,0
93,0
93,0
93,0
93,0
93,0
94,0
94,0
94,0
94,0
94,0
94,0
94,0
94,0
94,0
94,0
94,0
93,0
94,0
95,0
94,0
94,0
94,0
95,0
94,0
96,0
96,0
96,0
96,0
96,0
95,0
96,0
96,0
96,0
95,0
96,0
96,0
96,0
95,0
96,0
97,0
97,0
97,0
97,0
97,0
98,0
97,0
97,0
97,0
97,0
97,0
97,0
97,0
97,0
97,0
98,0
97,0
97,0
96,0
97,0
97,0
98,0
98,0
98,0
97,0
97,0
98,0
98,0
98,0
98,0
98,0
98,0
98,0
98,0
98,0
98,0
98,0
98,0
98,0
98,0
99,0
99,0
98,0
99,0
99,0
99,0
99,0
99,0
100,0
99,0
99,0
100,0
99,0
98,0
99,0
99,0
98,0
100,0
99,0
99,0
99,0
100,0
100,0
100,0
99,0
100,0
100,0
100,0
100,0
100,0
100,0
100,0
100,0
100,0
100,0
100,0
100,0
100,0
100,0
100,0
100,0
101,0
101,0
100,0
101,0
101,0
101,0
100,0
100,0
101,0
101,0
101,0
102,0
101,0
101,0
100,0
101,0
102,0
102,0
102,0
101,0
101,0
101,0
101,0
102,0
102,0
103,0
102,0
102,0
102,0
103,0
102,0
103,0
103,0
103,0
103,0
103,0
103,0
103,0
103,0
103,0
104,0
104,0
104,0
104,0
104,0
104,0
104,0
104,0
104,0
104,0
103,0
103,0
103,0
104,0
104,0
104,0
104,0
105,0
104,0
104,0
104,0
103,0
104,0
105,0
105,0
104,0
104,0
105,0
105,0
105,0
106,0
105,0
106,0
106,0
105,0
105,0
104,0
105,0
106,0
106,0
106,0
106,0
106,0
106,0
106,0
106,0
105,0
106,0
105,0
106,0
106,0
106,0
107,0
107,0
107,0
107,0
107,0
107,0
107,0
107,0
106,0
106,0
106,0
106,0
107,0
107,0
107,0
107,0
107,0
107,0
107,0
108,0
108,0
108,0
107,0
108,0
107,0
108,0
108,0
108,0
108,0
108,0
107,0
108,0
108,0
108,0
108,0
109,0
108,0
108,0
108,0
110,0
109,0
109,0
108,0
108,0
109,0
109,0
109,0
109,0
109,0
109,0
109,0
110,0
109,0
108,0
109,0
110,0
110,0
109,0
110,0
110,0
110,0
110,0
110,0
110,0
109,0
109,0
109,0
109,0
110,0
110,0
110,0
110,0
109,0
110,0
110,0
110,0
109,0
109,0
110,0
110,0
110,0
110,0
110,0
111,0
110,0
110,0
110,0
111,0
110,0
110,0
110,0
110,0
110,0
111,0
111,0
110,0
110,0
110,0
110,0
110,0
111,0
111,0
112,0
111,0
111,0
111,0
112,0
112,0
111,0
112,0
111,0
111,0
111,0
111,0
112,0
111,0
112,0
111,0
112,0
112,0
112,0
113,0
113,0
113,0
113,0
113,0
113,0
113,0
113,0
112,0
112,0
112,0
113,0
112,0
112,0
112,0
112,0
113,0
113,0
113,0
113,0
113,0
112,0
112,0
113,0
113,0
113,0
114,0
113,0
114,0
114,0
114,0
113,0
113,0
113,0
113,0
114,0
114,0
114,0
114,0
114,0
113,0
113,0
114,0
114,0
115,0
114,0
114,0
114,0
114,0
113,0
114,0
115,0
114,0
114,0
114,0
113,0
114,0
114,0
114,0
115,0
115,0
115,0
115,0
114,0
114,0
113,0
113,0
115,0
114,0
114,0
114,0
114,0
115,0
115,0
114,0
114,0
115,0
115,0
115,0
115,0
114,0
115,0
115,0
115,0
115,0
115,0
115,0
115,0
115,0
115,0
115,0
115,0
115,0
116,0
115,0
116,0
116,0
115,0
115,0
115,0
115,0
115,0
115,0
116,0
116,0
116,0
117,0
116,0
116,0
117,0
117,0
116,0
116,0
116,0
116,0
116,0
116,0
116,0
116,0
117,0
117,0
117,0
116,0
115,0
116,0
116,0
116,0
116,0
116,0
116,0
116,0
117,0
116,0
116,0
117,0
117,0
117,0
118,0
117,0
117,0
117,0
117,0
116,0
117,0
117,0
117,0
116,0
116,0
116,0
117,0
117,0
118,0
118,0
117,0
117,0
118,0
117,0
117,0
118,0
117,0
117,0
117,0
117,0
117,0
116,0
116,0
116,0
117,0
117,0
117,0
117,0
118,0
118,0
118,0
118,0
117,0
117,0
118,0
118,0
118,0
117,0
117,0
118,0
118,0
118,0
118,0
118,0
118,0
118,0
118,0
118,0
118,0
117,0
117,0
118,0
118,0
119,0
118,0
118,0
118,0
119,0
118,0
119,0
118,0
119,0
118,0
118,0
118,0
117,0
118,0
118,0
118,0
118,0
118,0
118,0
118,0
118,0
118,0
119,0
118,0
119,0
119,0
120,0
120,0
119,0
119,0
119,0
118,0
120,0
119,0
119,0
119,0
119,0
119,0
119,0
120,0
119,0
119,0
119,0
119,0
119,0
119,0
120,0
120,0
120,0
120,0
119,0
119,0
120,0
120,0
119,0
119,0
120,0
119,0
119,0
119,0
120,0
120,0
119,0
119,0
119,0
120,0
120,0
120,0
119,0
120,0
120,0
120,0
119,0
120,0
119,0
119,0
119,0
120,0
119,0
119,0
120,0
120,0
120,0
120,0
120,0
120,0
120,0
120,0
121,0
120,0
120,0
120,0
120,0
121,0
121,0
121,0
121,0
119,0
119,0
119,0
120,0
120,0
120,0
121,0
121,0
121,0
120,0
121,0
120,0
121,0
121,0
120,0
121,0
120,0
121,0
120,0
120,0
121,0
120,0
120,0
121,0
122,0
120,0
121,0
121,0
121,0
121,0
120,0
121,0
121,0
121,0
120,0
121,0
120,0
121,0
121,0
120,0
121,0
121,0
121,0
121,0
120,0
120,0
121,0
121,0
122,0
121,0
122,0
122,0
122,0
122,0
122,0
121,0
121,0
121,0
121,0
122,0
122,0
122,0
122,0
122,0
122,0
123,0
122,0
121,0
121,0
121,0
121,0
121,0
122,0
123,0
122,0
123,0
122,0
122,0
121,0
122,0
122,0
122,0
122,0
122,0
122,0
123,0
123,0
123,0
123,0
121,0
121,0
122,0
122,0
123,0
123,0
122,0
122,0
122,0
123,0
122,0
122,0
123,0
123,0
123,0
123,0
123,0
123,0
123,0
123,0
123,0
123,0
123,0
123,0
123,0
123,0
123,0
123,0
124,0
123,0
123,0
123,0
123,0
123,0
123,0
124,0
123,0
123,0
124,0
124,0
124,0
125,0
124,0
125,0
125,0
125,0
124,0
124,0
124,0
124,0
124,0
124,0
124,0
124,0
125,0
124,0
124,0
125,0
124,0
124,0
124,0
124,0
124,0
124,0
124,0
123,0
124,0
124,0
123,0
124,0
124,0
124,0
125,0
125,0
124,0
124,0
122,0
123,0
124,0
125,0
125,0
124,0
125,0
124,0
124,0
124,0
124,0
124,0
125,0
125,0
125,0
125,0
125,0
124,0
124,0
124,0
125,0
125,0
125,0
126,0
125,0
125,0
125,0
125,0
125,0
125,0
125,0
125,0
125,0
125,0
125,0
125,0
124,0
125,0
125,0
125,0
125,0
125,0
124,0
125,0
125,0
125,0
126,0
125,0
125,0
125,0
125,0
125,0
125,0
125,0
125,0
125,0
125,0
126,0
126,0
126,0
126,0
125,0
126,0
126,0
126,0
126,0
125,0
125,0
125,0
125,0
126,0
125,0
126,0
126,0
126,0
125,0
126,0
126,0
125,0
126,0
126,0
125,0
125,0
126,0
125,0
126,0
127,0
127,0
127,0
127,0
126,0
126,0
127,0
127,0
126,0
127,0
126,0
126,0
127,0
127,0
126,0
127,0
127,0
127,0
127,0
127,0
127,0
126,0
